15.4765
9.1939
8.8739
48.2016
52.9531
67.9824
62.1537
306.3899
318.8701
290.1825
317.2682
318.8194
303.1356
344.951
336.5358
2910.7823
2801.2905
2664.5355
2697.9771
2599.0453
2718.6805
2814.9009
2674.1644
2981.3811
2948.4798
2945.0726
2832.9921
2919.717
2908.8942
2839.2975
2861.4494
3007.9987
2937.5652
2896.0607
2867.3054
28933.3418
25104.5557
24381.8968
23920.1464
23744.1711
23831.7438
23934.3011
23725.8012
24143.9071
24105.7836
24793.0299
24167.8258
23724.5957
26159.7906
26343.8004
25297.5163
23911.0332
24666.7122
27037.1255
26273.227
26202.7223
25874.2535
25980.6464
26863.4087
26967.3238
27933.9396
28229.2938
27112.7968
27771.3654
28442.6157
27588.8557
30170.9248
26656.1417
26293.032
26478.7767
27404.5309
27736.6071
26722.6589
26804.3508
26506.1312
26143.6829
26641.9567
27530.4634
27467.4487
26004.3428
218978.4543
223379.8787
220299.5923
221860.3022
305477.8243
290201.6555
253965.4841
226779.7513
208722.488
