2,33
0,67
0,28
0,24
0,16
0,18
0,21
0,17
0,2
0,14
0,24
0,18
0,16
0,55
0,25
0,18
0,15
0,17
0,15
0,1
0,14
0,2
0,18
0,13
0,14
0,19
0,15
1,72
0,64
0,28
0,15
0,16
0,18
0,2
0,19
0,16
0,18
0,22
0,17
0,18
0,4
0,13
0,13
0,11
0,16
0,15
0,1
0,22
0,17
0,14
0,12
0,14
0,09
1,72
0,22
0,19
0,17
0,12
0,16
0,47
0,11
0,15
0,14
0,1
0,13
0,1
0,13
0,15
0,27
0,11
0,17
0,12
0,16
0,12
0,13
0,12
0,17
0,14
0,19
0,17
0,15
0,13
0,16
0,23
0,14
0,12
0,1
0,17
0,1
0,12
0,12
0,14
0,11
0,11
0,14
0,14
0,19
0,13
0,13
0,11
0,16
0,13
0,14
0,15
0,13
0,09
0,11
0,1
0,15
0,18
0,12
0,12
0,1
0,12
0,15
0,16
0,14
0,13
0,11
0,11
0,13
0,12
0,12
0,19
0,16
0,12
0,11
0,3
0,14
0,13
0,11
0,11
0,14
0,1
0,11
0,22
0,15
0,15
0,21
0,16
0,15
0,12
0,11
0,1
0,14
0,14
0,12
0,13
0,16
0,1
0,12
0,14
0,22
0,12
0,18
0,11
0,09
0,13
0,13
0,14
0,12
0,14
0,11
0,09
0,14
0,22
0,13
0,15
0,12
0,11
0,11
0,11
0,11
0,17
0,13
0,12
0,13
0,1
0,15
0,12
0,2
0,1
0,11
0,11
0,11
0,14
0,11
0,12
0,13
0,14
0,11
0,12
0,13
0,15
0,22
0,1
0,12
0,12
0,14
0,12
0,11
0,11
0,1
0,15
0,11
0,13
0,14
0,2
0,13
0,11
0,15
0,13
0,13
0,15
0,12
0,1
0,14
0,12
0,1
0,13
0,22
0,09
0,11
0,12
0,13
0,13
0,13
0,09
0,14
0,12
0,17
0,12
0,14
0,11
0,19
0,11
0,12
0,14
0,11
0,11
0,1
0,13
0,12
0,12
0,74
0,15
0,16
0,13
0,26
0,15
0,16
0,09
0,14
0,11
0,1
0,5
0,14
0,13
0,16
0,16
0,15
0,12
0,14
0,21
0,12
0,13
0,12
0,11
0,11
0,12
0,09
0,11
0,12
0,12
0,1
0,1
0,2
0,1
0,11
0,15
0,2
0,14
0,12
0,11
0,11
0,12
0,11
0,11
0,1
0,13
0,2
0,12
0,15
0,14
0,12
0,12
0,09
0,1
0,11
0,11
0,1
0,12
0,08
0,2
0,12
0,11
0,15
0,11
0,12
0,11
0,11
0,09
0,11
0,12
0,12
0,09
0,24
0,13
0,11
0,11
0,13
0,09
0,08
0,12
0,09
0,13
0,09
0,14
0,13
0,11
0,12
0,18
0,12
0,16
0,1
0,08
0,12
0,1
0,14
0,11
0,08
0,09
0,11
0,12
0,13
0,19
0,11
0,09
0,11
0,09
0,08
0,1
0,1
0,09
0,15
0,11
0,14
0,09
0,12
0,1
0,21
0,1
0,09
0,1
0,12
0,11
0,12
0,1
0,12
0,16
0,14
0,1
0,1
0,19
0,11
0,1
0,1
0,11
0,1
0,12
0,1
0,11
0,11
0,17
0,13
0,13
0,24
0,12
0,12
0,09
0,12
0,12
0,12
0,09
0,14
0,1
0,1
0,09
0,11
0,2
0,13
0,14
0,11
0,11
0,11
0,11
0,1
0,11
0,13
0,09
0,1
0,09
0,2
0,14
0,12
0,1
0,11
0,12
0,1
0,17
0,09
0,11
0,09
0,12
0,11
0,12
0,2
0,16
0,11
0,11
0,12
0,1
0,11
0,11
0,1
0,11
0,12
0,09
0,1
0,17
0,11
0,11
0,16
0,12
0,1
0,13
0,09
0,12
0,15
0,11
0,09
0,1
0,22
0,11
0,15
0,13
0,07
0,11
0,13
0,1
0,09
0,11
0,14
0,11
0,12
0,1
0,18
0,1
0,08
0,11
0,12
0,11
0,1
0,09
0,11
0,1
0,09
0,09
0,11
0,12
0,19
0,11
0,11
0,12
0,12
0,11
0,12
0,13
0,1
0,11
0,14
0,12
0,11
0,08
0,18
0,11
0,11
0,11
0,08
0,11
2,47
0,05
0,05
0,05
0,06
0,03
0,04
0,04
0,04
0,06
0,04
1,41
0,06
0,05
0,05
0,04
0,06
0,03
0,04
0,05
0,04
0,04
0,04
0,05
0,05
0,04
0,04
0,03
0,04
0,04
0,05
0,05
0,05
0,04
0,03
0,04
0,03
0,05
0,04
0,05
0,04
0,06
0,04
0,05
0,04
0,05
0,05
0,05
0,04
0,04
0,68
0,05
0,04
0,06
0,05
0,04
0,06
0,04
0,04
0,04
0,11
0,06
0,04
0,06
0,04
0,04
0,04
0,04
0,07
0,05
0,09
0,04
0,04
0,03
0,04
0,04
0,03
0,04
0,03
0,05
0,03
0,05
0,08
0,04
0,06
0,03
0,08
0,03
0,03
0,04
0,03
0,04
0,04
0,05
0,04
0,04
0,04
0,04
0,04
0,04
0,04
0,04
0,04
0,03
0,97
0,05
0,04
0,04
0,06
0,06
0,06
0,06
0,05
0,05
0,07
0,06
0,05
0,06
0,06
0,05
0,05
0,13
0,04
0,05
0,07
0,05
0,05
0,05
0,05
0,05
0,04
0,06
0,06
0,05
0,05
0,06
0,05
0,05
0,05
0,26
0,06
0,11
0,09
0,05
0,04
0,13
0,04
0,03
0,07
0,04
0,04
0,05
0,09
0,05
0,04
0,04
0,08
0,06
0,06
0,05
0,05
0,04
0,05
0,05
0,05
0,05
0,06
0,05
0,05
0,04
0,06
0,05
0,05
0,05
0,05
0,05
0,06
0,04
0,06
0,06
0,13
0,07
0,04
0,04
0,05
0,04
0,03
0,04
0,04
0,08
0,05
0,03
0,06
0,05
0,06
0,05
0,05
0,04
0,04
0,05
0,05
0,06
0,06
0,04
0,04
0,05
0,04
0,05
0,05
0,05
0,06
0,06
0,05
0,05
0,24
0,08
0,08
0,06
0,06
0,06
0,07
0,1
0,06
0,06
0,07
0,04
0,05
0,04
0,03
0,05
0,05
0,03
0,05
0,04
0,12
0,03
0,04
0,04
0,04
0,05
0,08
0,05
0,04
0,06
0,05
0,03
0,05
0,05
0,04
0,04
0,03
0,05
0,05
0,03
0,08
0,03
0,03
0,77
0,06
0,29
0,04
0,04
0,03
0,04
0,03
0,03
0,02
0,03
0,07
0,03
0,06
0,05
0,05
0,03
0,03
0,04
0,03
0,07
0,04
0,05
0,04
0,07
0,05
0,03
0,04
0,02
0,03
0,03
0,03
0,07
0,04
0,04
0,03
0,08
0,06
0,03
0,03
0,03
0,02
0,03
0,03
0,03
0,36
0,03
0,03
0,03
0,03
0,02
0,07
0,03
0,02
0,03
0,04
0,03
0,03
0,04
0,04
0,03
0,03
0,04
0,03
0,03
0,03
0,03
0,03
0,11
0,04
0,03
0,05
0,08
0,02
0,03
0,03
0,02
0,04
0,04
0,03
0,02
0,03
0,03
0,05
0,06
0,03
0,03
0,04
0,05
0,03
0,03
0,03
0,02
0,05
0,03
0,03
0,04
0,04
0,03
0,04
0,04
0,02
0,03
0,02
0,04
0,02
0,03
0,03
0,03
0,02
0,04
0,03
0,07
0,02
0,02
0,03
0,02
0,03
0,03
0,03
0,03
0,02
0,04
0,02
0,08
0,03
0,04
0,03
0,05
0,02
0,05
0,02
0,03
0,03
0,05
0,02
0,04
0,03
0,03
0,03
0,02
0,08
0,04
0,03
0,02
0,03
0,03
0,03
0,03
0,03
0,02
0,05
0,04
0,04
0,03
0,04
0,03
0,02
0,23
0,03
0,03
0,02
0,03
0,03
0,03
0,03
0,04
0,05
0,02
0,02
0,03
0,02
0,03
0,03
0,05
0,03
0,03
0,07
0,02
0,05
0,02
0,03
0,1
0,03
0,03
0,03
0,04
0,03
0,03
0,09
0,03
0,04
0,03
0,05
0,03
0,02
0,03
0,04
0,03
0,02
0,03
0,02
0,04
0,02
0,03
0,03
0,02
0,03
0,05
0,07
0,03
0,04
0,04
0,05
0,03
0,04
0,07
0,03
0,04
0,02
0,05
0,02
0,04
0,03
0,03
0,04
0,02
0,02
0,03
0,03
0,03
0,06
0,03
0,02
0,05
0,03
0,04
0,03
0,03
0,04
0,04
0,04
0,03
